Scale WinShift FreqDiscr InitFreq(Hz) FinalFreq(Hz)   DicType    Decay      Rise 
XXXXX    XXXXX        XX  XXXXXXXXXX    XXXXXXXXXX       XX      XXXXX      XXXXX
83.33        1         1  0000000000    9999999999        6       0.01       0.02 
83.33        1         1  0000000000    9999999999        6       0.01       0.03 
83.33        1         1  0000000000    9999999999        6       0.01       0.03 
83.33        1         1  0000000000    9999999999        6       0.01       0.04 
83.33        1         1  0000000000    9999999999        6       0.01       0.04 
83.33        1         1  0000000000    9999999999        6       0.01       0.05 
83.33        1         1  0000000000    9999999999        6       0.01       0.05 
83.33        1         1  0000000000    9999999999        6       0.01       0.06 
83.33        1         1  0000000000    9999999999        6       0.01       0.06 
83.33        1         1  0000000000    9999999999        6       0.01       0.06 
83.33        1         1  0000000000    9999999999        6       0.01       0.07 
83.33        1         1  0000000000    9999999999        6       0.01       0.07 
83.33        1         1  0000000000    9999999999        6       0.01       0.07 
83.33        1         1  0000000000    9999999999        6       0.01       0.08 
83.33        1         1  0000000000    9999999999        6       0.01       0.08 
83.33        1         1  0000000000    9999999999        6       0.01       0.09 
83.33        1         1  0000000000    9999999999        6       0.01       0.09 
83.33        1         1  0000000000    9999999999        6       0.01       0.10 
83.33        1         1  0000000000    9999999999        6       0.01       0.11 
83.33        1         1  0000000000    9999999999        6       0.01       0.13 
83.33        1         1  0000000000    9999999999        6       0.01       0.14 
83.33        1         1  0000000000    9999999999        6       0.01       0.14 
83.33        1         1  0000000000    9999999999        6       0.01       0.15 
83.33        1         1  0000000000    9999999999        6       0.01       0.16 
83.33        1         1  0000000000    9999999999        6       0.01       0.16 
83.33        1         1  0000000000    9999999999        6       0.01       0.17 
83.33        1         1  0000000000    9999999999        6       0.01       0.20 
83.33        1         1  0000000000    9999999999        6       0.01       0.20 
83.33        1         1  0000000000    9999999999        6       0.01       0.21 
83.33        1         1  0000000000    9999999999        6       0.01       0.22 
83.33        1         1  0000000000    9999999999        6       0.01       0.26 
83.33        1         1  0000000000    9999999999        6       0.01       0.28 
71.43        1         1  0000000000    9999999999        6       0.01       0.02 
71.43        1         1  0000000000    9999999999        6       0.01       0.03 
71.43        1         1  0000000000    9999999999        6       0.01       0.06 
71.43        1         1  0000000000    9999999999        6       0.01       0.08 
71.43        1         1  0000000000    9999999999        6       0.01       0.10 
71.43        1         1  0000000000    9999999999        6       0.01       0.13 
71.43        1         1  0000000000    9999999999        6       0.01       0.13 
71.43        1         1  0000000000    9999999999        6       0.01       0.22 
71.43        1         1  0000000000    9999999999        6       0.01       0.28 
62.50        1         1  0000000000    9999999999        6       0.02       0.02 
62.50        1         1  0000000000    9999999999        6       0.02       0.03 
62.50        1         1  0000000000    9999999999        6       0.02       0.04 
62.50        1         1  0000000000    9999999999        6       0.02       0.05 
62.50        1         1  0000000000    9999999999        6       0.02       0.05 
62.50        1         1  0000000000    9999999999        6       0.02       0.09 
62.50        1         1  0000000000    9999999999        6       0.02       0.23 
62.50        1         1  0000000000    9999999999        6       0.02       0.26 
62.50        1         1  0000000000    9999999999        6       0.02       0.28 
55.56        1         1  0000000000    9999999999        6       0.02       0.02 
55.56        1         1  0000000000    9999999999        6       0.02       0.04 
55.56        1         1  0000000000    9999999999        6       0.02       0.05 
55.56        1         1  0000000000    9999999999        6       0.02       0.06 
55.56        1         1  0000000000    9999999999        6       0.02       0.06 
55.56        1         1  0000000000    9999999999        6       0.02       0.08 
55.56        1         1  0000000000    9999999999        6       0.02       0.10 
55.56        1         1  0000000000    9999999999        6       0.02       0.10 
55.56        1         1  0000000000    9999999999        6       0.02       0.14 
55.56        1         1  0000000000    9999999999        6       0.02       0.18 
55.56        1         1  0000000000    9999999999        6       0.02       0.21 
55.56        1         1  0000000000    9999999999        6       0.02       0.28 
50.00        1         1  0000000000    9999999999        6       0.02       0.02 
50.00        1         1  0000000000    9999999999        6       0.02       0.03 
50.00        1         1  0000000000    9999999999        6       0.02       0.06 
50.00        1         1  0000000000    9999999999        6       0.02       0.15 
50.00        1         1  0000000000    9999999999        6       0.02       0.16 
50.00        1         1  0000000000    9999999999        6       0.02       0.17 
50.00        1         1  0000000000    9999999999        6       0.02       0.26 
50.00        1         1  0000000000    9999999999        6       0.02       0.28 
47.62        1         1  0000000000    9999999999        6       0.02       0.02 
47.62        1         1  0000000000    9999999999        6       0.02       0.04 
47.62        1         1  0000000000    9999999999        6       0.02       0.06 
47.62        1         1  0000000000    9999999999        6       0.02       0.11 
47.62        1         1  0000000000    9999999999        6       0.02       0.21 
47.62        1         1  0000000000    9999999999        6       0.02       0.28 
45.45        1         1  0000000000    9999999999        6       0.02       0.02 
45.45        1         1  0000000000    9999999999        6       0.02       0.03 
45.45        1         1  0000000000    9999999999        6       0.02       0.03 
45.45        1         1  0000000000    9999999999        6       0.02       0.07 
45.45        1         1  0000000000    9999999999        6       0.02       0.07 
45.45        1         1  0000000000    9999999999        6       0.02       0.08 
45.45        1         1  0000000000    9999999999        6       0.02       0.15 
45.45        1         1  0000000000    9999999999        6       0.02       0.16 
45.45        1         1  0000000000    9999999999        6       0.02       0.28 
41.67        1         1  0000000000    9999999999        6       0.02       0.03 
41.67        1         1  0000000000    9999999999        6       0.02       0.04 
41.67        1         1  0000000000    9999999999        6       0.02       0.05 
41.67        1         1  0000000000    9999999999        6       0.02       0.13 
41.67        1         1  0000000000    9999999999        6       0.02       0.15 
41.67        1         1  0000000000    9999999999        6       0.02       0.16 
41.67        1         1  0000000000    9999999999        6       0.02       0.19 
41.67        1         1  0000000000    9999999999        6       0.02       0.24 
41.67        1         1  0000000000    9999999999        6       0.02       0.28 
38.46        1         1  0000000000    9999999999        6       0.03       0.03 
38.46        1         1  0000000000    9999999999        6       0.03       0.03 
38.46        1         1  0000000000    9999999999        6       0.03       0.22 
38.46        1         1  0000000000    9999999999        6       0.03       0.25 
38.46        1         1  0000000000    9999999999        6       0.03       0.26 
38.46        1         1  0000000000    9999999999        6       0.03       0.28 
37.04        1         1  0000000000    9999999999        6       0.03       0.03 
37.04        1         1  0000000000    9999999999        6       0.03       0.04 
37.04        1         1  0000000000    9999999999        6       0.03       0.19 
37.04        1         1  0000000000    9999999999        6       0.03       0.28 
35.71        1         1  0000000000    9999999999        6       0.03       0.03 
35.71        1         1  0000000000    9999999999        6       0.03       0.04 
35.71        1         1  0000000000    9999999999        6       0.03       0.07 
35.71        1         1  0000000000    9999999999        6       0.03       0.07 
35.71        1         1  0000000000    9999999999        6       0.03       0.11 
35.71        1         1  0000000000    9999999999        6       0.03       0.13 
35.71        1         1  0000000000    9999999999        6       0.03       0.25 
35.71        1         1  0000000000    9999999999        6       0.03       0.28 
33.33        1         1  0000000000    9999999999        6       0.03       0.03 
33.33        1         1  0000000000    9999999999        6       0.03       0.04 
33.33        1         1  0000000000    9999999999        6       0.03       0.13 
33.33        1         1  0000000000    9999999999        6       0.03       0.19 
33.33        1         1  0000000000    9999999999        6       0.03       0.21 
33.33        1         1  0000000000    9999999999        6       0.03       0.28 
31.25        1         1  0000000000    9999999999        6       0.03       0.04 
31.25        1         1  0000000000    9999999999        6       0.03       0.14 
31.25        1         1  0000000000    9999999999        6       0.03       0.18 
31.25        1         1  0000000000    9999999999        6       0.03       0.19 
31.25        1         1  0000000000    9999999999        6       0.03       0.21 
31.25        1         1  0000000000    9999999999        6       0.03       0.28 
30.30        1         1  0000000000    9999999999        6       0.03       0.04 
30.30        1         1  0000000000    9999999999        6       0.03       0.20 
30.30        1         1  0000000000    9999999999        6       0.03       0.23 
30.30        1         1  0000000000    9999999999        6       0.03       0.26 
30.30        1         1  0000000000    9999999999        6       0.03       0.28 
28.57        1         1  0000000000    9999999999        6       0.04       0.04 
28.57        1         1  0000000000    9999999999        6       0.04       0.04 
28.57        1         1  0000000000    9999999999        6       0.04       0.11 
28.57        1         1  0000000000    9999999999        6       0.04       0.13 
28.57        1         1  0000000000    9999999999        6       0.04       0.14 
28.57        1         1  0000000000    9999999999        6       0.04       0.14 
28.57        1         1  0000000000    9999999999        6       0.04       0.16 
28.57        1         1  0000000000    9999999999        6       0.04       0.28 
27.78        1         1  0000000000    9999999999        6       0.04       0.04 
27.78        1         1  0000000000    9999999999        6       0.04       0.04 
27.78        1         1  0000000000    9999999999        6       0.04       0.11 
27.78        1         1  0000000000    9999999999        6       0.04       0.12 
27.78        1         1  0000000000    9999999999        6       0.04       0.13 
27.78        1         1  0000000000    9999999999        6       0.04       0.21 
27.78        1         1  0000000000    9999999999        6       0.04       0.24 
27.78        1         1  0000000000    9999999999        6       0.04       0.28 
25.64        1         1  0000000000    9999999999        6       0.04       0.04 
25.64        1         1  0000000000    9999999999        6       0.04       0.04 
25.64        1         1  0000000000    9999999999        6       0.04       0.04 
25.64        1         1  0000000000    9999999999        6       0.04       0.05 
25.64        1         1  0000000000    9999999999        6       0.04       0.07 
25.64        1         1  0000000000    9999999999        6       0.04       0.13 
25.64        1         1  0000000000    9999999999        6       0.04       0.18 
25.64        1         1  0000000000    9999999999        6       0.04       0.28 
25.00        1         1  0000000000    9999999999        6       0.04       0.04 
25.00        1         1  0000000000    9999999999        6       0.04       0.04 
25.00        1         1  0000000000    9999999999        6       0.04       0.05 
25.00        1         1  0000000000    9999999999        6       0.04       0.05 
25.00        1         1  0000000000    9999999999        6       0.04       0.10 
25.00        1         1  0000000000    9999999999        6       0.04       0.12 
25.00        1         1  0000000000    9999999999        6       0.04       0.13 
25.00        1         1  0000000000    9999999999        6       0.04       0.28 
23.81        1         1  0000000000    9999999999        6       0.04       0.04 
23.81        1         1  0000000000    9999999999        6       0.04       0.05 
23.81        1         1  0000000000    9999999999        6       0.04       0.06 
23.81        1         1  0000000000    9999999999        6       0.04       0.11 
23.81        1         1  0000000000    9999999999        6       0.04       0.17 
23.81        1         1  0000000000    9999999999        6       0.04       0.28 
22.73        1         1  0000000000    9999999999        6       0.04       0.05 
22.73        1         1  0000000000    9999999999        6       0.04       0.05 
22.73        1         1  0000000000    9999999999        6       0.04       0.06 
22.73        1         1  0000000000    9999999999        6       0.04       0.11 
22.73        1         1  0000000000    9999999999        6       0.04       0.28 
22.22        1         1  0000000000    9999999999        6       0.04       0.05 
22.22        1         1  0000000000    9999999999        6       0.04       0.05 
22.22        1         1  0000000000    9999999999        6       0.04       0.16 
22.22        1         1  0000000000    9999999999        6       0.04       0.25 
22.22        1         1  0000000000    9999999999        6       0.04       0.26 
22.22        1         1  0000000000    9999999999        6       0.04       0.28 
20.83        1         1  0000000000    9999999999        6       0.05       0.05 
20.83        1         1  0000000000    9999999999        6       0.05       0.14 
20.83        1         1  0000000000    9999999999        6       0.05       0.18 
20.83        1         1  0000000000    9999999999        6       0.05       0.18 
20.83        1         1  0000000000    9999999999        6       0.05       0.20 
20.83        1         1  0000000000    9999999999        6       0.05       0.22 
20.83        1         1  0000000000    9999999999        6       0.05       0.28 
20.41        1         1  0000000000    9999999999        6       0.05       0.05 
20.41        1         1  0000000000    9999999999        6       0.05       0.08 
20.41        1         1  0000000000    9999999999        6       0.05       0.18 
20.41        1         1  0000000000    9999999999        6       0.05       0.28 
20.00        1         1  0000000000    9999999999        6       0.05       0.05 
20.00        1         1  0000000000    9999999999        6       0.05       0.05 
20.00        1         1  0000000000    9999999999        6       0.05       0.11 
20.00        1         1  0000000000    9999999999        6       0.05       0.26 
20.00        1         1  0000000000    9999999999        6       0.05       0.28 
19.23        1         1  0000000000    9999999999        6       0.05       0.05 
19.23        1         1  0000000000    9999999999        6       0.05       0.06 
19.23        1         1  0000000000    9999999999        6       0.05       0.11 
19.23        1         1  0000000000    9999999999        6       0.05       0.11 
19.23        1         1  0000000000    9999999999        6       0.05       0.21 
19.23        1         1  0000000000    9999999999        6       0.05       0.23 
19.23        1         1  0000000000    9999999999        6       0.05       0.28 
18.52        1         1  0000000000    9999999999        6       0.05       0.06 
18.52        1         1  0000000000    9999999999        6       0.05       0.06 
18.52        1         1  0000000000    9999999999        6       0.05       0.18 
18.52        1         1  0000000000    9999999999        6       0.05       0.22 
18.52        1         1  0000000000    9999999999        6       0.05       0.28 
18.18        1         1  0000000000    9999999999        6       0.06       0.06 
18.18        1         1  0000000000    9999999999        6       0.06       0.06 
18.18        1         1  0000000000    9999999999        6       0.06       0.06 
18.18        1         1  0000000000    9999999999        6       0.06       0.07 
18.18        1         1  0000000000    9999999999        6       0.06       0.08 
18.18        1         1  0000000000    9999999999        6       0.06       0.20 
18.18        1         1  0000000000    9999999999        6       0.06       0.25 
17.86        1         1  0000000000    9999999999        6       0.06       0.06 
17.86        1         1  0000000000    9999999999        6       0.06       0.06 
17.86        1         1  0000000000    9999999999        6       0.06       0.07 
17.86        1         1  0000000000    9999999999        6       0.06       0.14 
17.86        1         1  0000000000    9999999999        6       0.06       0.21 
17.86        1         1  0000000000    9999999999        6       0.06       0.28 
16.67        1         1  0000000000    9999999999        6       0.06       0.06 
16.67        1         1  0000000000    9999999999        6       0.06       0.07 
16.67        1         1  0000000000    9999999999        6       0.06       0.10 
16.67        1         1  0000000000    9999999999        6       0.06       0.13 
16.67        1         1  0000000000    9999999999        6       0.06       0.14 
16.67        1         1  0000000000    9999999999        6       0.06       0.20 
16.67        1         1  0000000000    9999999999        6       0.06       0.23 
16.67        1         1  0000000000    9999999999        6       0.06       0.28 
15.87        1         1  0000000000    9999999999        6       0.06       0.06 
15.87        1         1  0000000000    9999999999        6       0.06       0.07 
15.87        1         1  0000000000    9999999999        6       0.06       0.07 
15.87        1         1  0000000000    9999999999        6       0.06       0.11 
15.87        1         1  0000000000    9999999999        6       0.06       0.17 
15.87        1         1  0000000000    9999999999        6       0.06       0.18 
15.87        1         1  0000000000    9999999999        6       0.06       0.19 
15.87        1         1  0000000000    9999999999        6       0.06       0.28 
15.62        1         1  0000000000    9999999999        6       0.06       0.07 
15.62        1         1  0000000000    9999999999        6       0.06       0.07 
15.62        1         1  0000000000    9999999999        6       0.06       0.12 
15.62        1         1  0000000000    9999999999        6       0.06       0.13 
15.62        1         1  0000000000    9999999999        6       0.06       0.16 
15.62        1         1  0000000000    9999999999        6       0.06       0.17 
15.62        1         1  0000000000    9999999999        6       0.06       0.18 
15.62        1         1  0000000000    9999999999        6       0.06       0.18 
15.62        1         1  0000000000    9999999999        6       0.06       0.28 
15.38        1         1  0000000000    9999999999        6       0.07       0.07 
15.38        1         1  0000000000    9999999999        6       0.07       0.07 
15.38        1         1  0000000000    9999999999        6       0.07       0.10 
15.38        1         1  0000000000    9999999999        6       0.07       0.14 
15.38        1         1  0000000000    9999999999        6       0.07       0.18 
15.15        1         1  0000000000    9999999999        6       0.07       0.07 
15.15        1         1  0000000000    9999999999        6       0.07       0.07 
15.15        1         1  0000000000    9999999999        6       0.07       0.08 
15.15        1         1  0000000000    9999999999        6       0.07       0.14 
15.15        1         1  0000000000    9999999999        6       0.07       0.16 
15.15        1         1  0000000000    9999999999        6       0.07       0.17 
15.15        1         1  0000000000    9999999999        6       0.07       0.18 
15.15        1         1  0000000000    9999999999        6       0.07       0.28 
14.29        1         1  0000000000    9999999999        6       0.07       0.07 
14.29        1         1  0000000000    9999999999        6       0.07       0.08 
14.29        1         1  0000000000    9999999999        6       0.07       0.09 
14.29        1         1  0000000000    9999999999        6       0.07       0.11 
14.29        1         1  0000000000    9999999999        6       0.07       0.14 
14.29        1         1  0000000000    9999999999        6       0.07       0.15 
14.29        1         1  0000000000    9999999999        6       0.07       0.16 
14.29        1         1  0000000000    9999999999        6       0.07       0.16 
14.29        1         1  0000000000    9999999999        6       0.07       0.16 
14.29        1         1  0000000000    9999999999        6       0.07       0.18 
14.29        1         1  0000000000    9999999999        6       0.07       0.28 
13.89        1         1  0000000000    9999999999        6       0.07       0.08 
13.89        1         1  0000000000    9999999999        6       0.07       0.08 
13.89        1         1  0000000000    9999999999        6       0.07       0.10 
13.89        1         1  0000000000    9999999999        6       0.07       0.11 
13.89        1         1  0000000000    9999999999        6       0.07       0.13 
13.89        1         1  0000000000    9999999999        6       0.07       0.15 
13.89        1         1  0000000000    9999999999        6       0.07       0.16 
13.89        1         1  0000000000    9999999999        6       0.07       0.16 
13.89        1         1  0000000000    9999999999        6       0.07       0.28 
12.99        1         1  0000000000    9999999999        6       0.08       0.08 
12.99        1         1  0000000000    9999999999        6       0.08       0.08 
12.99        1         1  0000000000    9999999999        6       0.08       0.12 
12.99        1         1  0000000000    9999999999        6       0.08       0.14 
12.99        1         1  0000000000    9999999999        6       0.08       0.14 
12.99        1         1  0000000000    9999999999        6       0.08       0.15 
12.99        1         1  0000000000    9999999999        6       0.08       0.28 
12.82        1         1  0000000000    9999999999        6       0.08       0.08 
12.82        1         1  0000000000    9999999999        6       0.08       0.08 
12.82        1         1  0000000000    9999999999        6       0.08       0.10 
12.82        1         1  0000000000    9999999999        6       0.08       0.11 
12.82        1         1  0000000000    9999999999        6       0.08       0.13 
12.82        1         1  0000000000    9999999999        6       0.08       0.14 
12.82        1         1  0000000000    9999999999        6       0.08       0.24 
12.82        1         1  0000000000    9999999999        6       0.08       0.28 
12.50        1         1  0000000000    9999999999        6       0.08       0.08 
12.50        1         1  0000000000    9999999999        6       0.08       0.09 
12.50        1         1  0000000000    9999999999        6       0.08       0.09 
12.50        1         1  0000000000    9999999999        6       0.08       0.13 
12.50        1         1  0000000000    9999999999        6       0.08       0.14 
12.50        1         1  0000000000    9999999999        6       0.08       0.28 
12.35        1         1  0000000000    9999999999        6       0.08       0.08 
12.35        1         1  0000000000    9999999999        6       0.08       0.09 
12.35        1         1  0000000000    9999999999        6       0.08       0.09 
12.35        1         1  0000000000    9999999999        6       0.08       0.10 
12.35        1         1  0000000000    9999999999        6       0.08       0.12 
12.35        1         1  0000000000    9999999999        6       0.08       0.28 
11.90        1         1  0000000000    9999999999        6       0.08       0.09 
11.90        1         1  0000000000    9999999999        6       0.08       0.09 
11.90        1         1  0000000000    9999999999        6       0.08       0.10 
11.90        1         1  0000000000    9999999999        6       0.08       0.12 
11.90        1         1  0000000000    9999999999        6       0.08       0.13 
11.90        1         1  0000000000    9999999999        6       0.08       0.13 
11.90        1         1  0000000000    9999999999        6       0.08       0.20 
11.90        1         1  0000000000    9999999999        6       0.08       0.22 
11.90        1         1  0000000000    9999999999        6       0.08       0.28 
11.36        1         1  0000000000    9999999999        6       0.09       0.09 
11.36        1         1  0000000000    9999999999        6       0.09       0.10 
11.36        1         1  0000000000    9999999999        6       0.09       0.28 
11.11        1         1  0000000000    9999999999        6       0.09       0.10 
11.11        1         1  0000000000    9999999999        6       0.09       0.10 
11.11        1         1  0000000000    9999999999        6       0.09       0.10 
11.11        1         1  0000000000    9999999999        6       0.09       0.16 
10.99        1         1  0000000000    9999999999        6       0.09       0.10 
10.99        1         1  0000000000    9999999999        6       0.09       0.10 
10.99        1         1  0000000000    9999999999        6       0.09       0.10 
10.99        1         1  0000000000    9999999999        6       0.09       0.11 
10.99        1         1  0000000000    9999999999        6       0.09       0.14 
10.99        1         1  0000000000    9999999999        6       0.09       0.22 
10.99        1         1  0000000000    9999999999        6       0.09       0.28 
10.42        1         1  0000000000    9999999999        6       0.10       0.10 
10.42        1         1  0000000000    9999999999        6       0.10       0.10 
10.42        1         1  0000000000    9999999999        6       0.10       0.10 
10.42        1         1  0000000000    9999999999        6       0.10       0.28 
10.20        1         1  0000000000    9999999999        6       0.10       0.10 
10.20        1         1  0000000000    9999999999        6       0.10       0.10 
10.20        1         1  0000000000    9999999999        6       0.10       0.13 
10.20        1         1  0000000000    9999999999        6       0.10       0.28 
10.10        1         1  0000000000    9999999999        6       0.10       0.10 
10.10        1         1  0000000000    9999999999        6       0.10       0.10 
10.10        1         1  0000000000    9999999999        6       0.10       0.13 
10.10        1         1  0000000000    9999999999        6       0.10       0.14 
10.10        1         1  0000000000    9999999999        6       0.10       0.21 
10.10        1         1  0000000000    9999999999        6       0.10       0.28 
10.00        1         1  0000000000    9999999999        6       0.10       0.10 
10.00        1         1  0000000000    9999999999        6       0.10       0.11 
10.00        1         1  0000000000    9999999999        6       0.10       0.11 
10.00        1         1  0000000000    9999999999        6       0.10       0.28 
9.804        1         1  0000000000    9999999999        6       0.10       0.10 
9.804        1         1  0000000000    9999999999        6       0.10       0.11 
9.804        1         1  0000000000    9999999999        6       0.10       0.28 
9.615        1         1  0000000000    9999999999        6       0.10       0.11 
9.615        1         1  0000000000    9999999999        6       0.10       0.11 
9.615        1         1  0000000000    9999999999        6       0.10       0.12 
9.615        1         1  0000000000    9999999999        6       0.10       0.28 
9.524        1         1  0000000000    9999999999        6       0.10       0.11 
9.524        1         1  0000000000    9999999999        6       0.10       0.11 
9.524        1         1  0000000000    9999999999        6       0.10       0.11 
9.524        1         1  0000000000    9999999999        6       0.10       0.12 
9.524        1         1  0000000000    9999999999        6       0.10       0.18 
9.524        1         1  0000000000    9999999999        6       0.10       0.28 
9.259        1         1  0000000000    9999999999        6       0.11       0.11 
9.259        1         1  0000000000    9999999999        6       0.11       0.11 
9.259        1         1  0000000000    9999999999        6       0.11       0.12 
9.259        1         1  0000000000    9999999999        6       0.11       0.28 
9.091        1         1  0000000000    9999999999        6       0.11       0.11 
9.091        1         1  0000000000    9999999999        6       0.11       0.12 
9.091        1         1  0000000000    9999999999        6       0.11       0.28 
8.929        1         1  0000000000    9999999999        6       0.11       0.12 
8.929        1         1  0000000000    9999999999        6       0.11       0.20 
8.929        1         1  0000000000    9999999999        6       0.11       0.22 
8.929        1         1  0000000000    9999999999        6       0.11       0.28 
8.772        1         1  0000000000    9999999999        6       0.11       0.12 
8.772        1         1  0000000000    9999999999        6       0.11       0.18 
8.772        1         1  0000000000    9999999999        6       0.11       0.28 
8.547        1         1  0000000000    9999999999        6       0.12       0.12 
8.547        1         1  0000000000    9999999999        6       0.12       0.13 
8.547        1         1  0000000000    9999999999        6       0.12       0.14 
8.547        1         1  0000000000    9999999999        6       0.12       0.28 
8.403        1         1  0000000000    9999999999        6       0.12       0.12 
8.403        1         1  0000000000    9999999999        6       0.12       0.13 
8.403        1         1  0000000000    9999999999        6       0.12       0.28 
8.333        1         1  0000000000    9999999999        6       0.12       0.13 
8.333        1         1  0000000000    9999999999        6       0.12       0.13 
8.333        1         1  0000000000    9999999999        6       0.12       0.16 
8.264        1         1  0000000000    9999999999        6       0.12       0.13 
8.264        1         1  0000000000    9999999999        6       0.12       0.13 
8.264        1         1  0000000000    9999999999        6       0.12       0.13 
7.937        1         1  0000000000    9999999999        6       0.13       0.13 
7.937        1         1  0000000000    9999999999        6       0.13       0.13 
7.937        1         1  0000000000    9999999999        6       0.13       0.14 
7.937        1         1  0000000000    9999999999        6       0.13       0.28 
7.812        1         1  0000000000    9999999999        6       0.13       0.13 
7.812        1         1  0000000000    9999999999        6       0.13       0.13 
7.812        1         1  0000000000    9999999999        6       0.13       0.14 
7.812        1         1  0000000000    9999999999        6       0.13       0.20 
7.812        1         1  0000000000    9999999999        6       0.13       0.28 
7.692        1         1  0000000000    9999999999        6       0.13       0.13 
7.692        1         1  0000000000    9999999999        6       0.13       0.14 
7.576        1         1  0000000000    9999999999        6       0.13       0.14 
7.519        1         1  0000000000    9999999999        6       0.13       0.14 
7.519        1         1  0000000000    9999999999        6       0.13       0.28 
7.407        1         1  0000000000    9999999999        6       0.14       0.14 
7.407        1         1  0000000000    9999999999        6       0.14       0.14 
7.353        1         1  0000000000    9999999999        6       0.14       0.14 
7.353        1         1  0000000000    9999999999        6       0.14       0.14 
7.353        1         1  0000000000    9999999999        6       0.14       0.28 
7.143        1         1  0000000000    9999999999        6       0.14       0.14 
7.143        1         1  0000000000    9999999999        6       0.14       0.15 
7.143        1         1  0000000000    9999999999        6       0.14       0.28 
6.993        1         1  0000000000    9999999999        6       0.14       0.14 
6.993        1         1  0000000000    9999999999        6       0.14       0.15 
6.993        1         1  0000000000    9999999999        6       0.14       0.28 
6.944        1         1  0000000000    9999999999        6       0.14       0.15 
6.944        1         1  0000000000    9999999999        6       0.14       0.16 
6.944        1         1  0000000000    9999999999        6       0.14       0.28 
6.667        1         1  0000000000    9999999999        6       0.15       0.15 
6.667        1         1  0000000000    9999999999        6       0.15       0.28 
6.579        1         1  0000000000    9999999999        6       0.15       0.15 
6.579        1         1  0000000000    9999999999        6       0.15       0.16 
6.579        1         1  0000000000    9999999999        6       0.15       0.28 
6.536        1         1  0000000000    9999999999        6       0.15       0.15 
6.536        1         1  0000000000    9999999999        6       0.15       0.16 
6.536        1         1  0000000000    9999999999        6       0.15       0.16 
6.536        1         1  0000000000    9999999999        6       0.15       0.18 
6.494        1         1  0000000000    9999999999        6       0.15       0.16 
6.494        1         1  0000000000    9999999999        6       0.15       0.16 
6.494        1         1  0000000000    9999999999        6       0.15       0.24 
6.410        1         1  0000000000    9999999999        6       0.16       0.16 
6.410        1         1  0000000000    9999999999        6       0.16       0.16 
6.410        1         1  0000000000    9999999999        6       0.16       0.17 
6.410        1         1  0000000000    9999999999        6       0.16       0.28 
6.250        1         1  0000000000    9999999999        6       0.16       0.16 
6.250        1         1  0000000000    9999999999        6       0.16       0.17 
6.250        1         1  0000000000    9999999999        6       0.16       0.18 
6.250        1         1  0000000000    9999999999        6       0.16       0.28 
6.173        1         1  0000000000    9999999999        6       0.16       0.17 
6.173        1         1  0000000000    9999999999        6       0.16       0.18 
6.061        1         1  0000000000    9999999999        6       0.17       0.17 
6.061        1         1  0000000000    9999999999        6       0.17       0.18 
6.061        1         1  0000000000    9999999999        6       0.17       0.28 
5.952        1         1  0000000000    9999999999        6       0.17       0.18 
5.952        1         1  0000000000    9999999999        6       0.17       0.28 
5.917        1         1  0000000000    9999999999        6       0.17       0.18 
5.882        1         1  0000000000    9999999999        6       0.17       0.18 
5.848        1         1  0000000000    9999999999        6       0.17       0.18 
5.848        1         1  0000000000    9999999999        6       0.17       0.18 
5.848        1         1  0000000000    9999999999        6       0.17       0.18 
5.682        1         1  0000000000    9999999999        6       0.18       0.18 
5.682        1         1  0000000000    9999999999        6       0.18       0.18 
5.682        1         1  0000000000    9999999999        6       0.18       0.19 
5.682        1         1  0000000000    9999999999        6       0.18       0.28 
5.556        1         1  0000000000    9999999999        6       0.18       0.18 
5.556        1         1  0000000000    9999999999        6       0.18       0.19 
5.556        1         1  0000000000    9999999999        6       0.18       0.28 
5.495        1         1  0000000000    9999999999        6       0.18       0.19 
5.495        1         1  0000000000    9999999999        6       0.18       0.28 
5.348        1         1  0000000000    9999999999        6       0.19       0.19 
5.263        1         1  0000000000    9999999999        6       0.19       0.19 
5.263        1         1  0000000000    9999999999        6       0.19       0.20 
5.263        1         1  0000000000    9999999999        6       0.19       0.28 
5.208        1         1  0000000000    9999999999        6       0.19       0.20 
5.208        1         1  0000000000    9999999999        6       0.19       0.20 
5.208        1         1  0000000000    9999999999        6       0.19       0.28 
5.128        1         1  0000000000    9999999999        6       0.20       0.20 
5.128        1         1  0000000000    9999999999        6       0.20       0.20 
5.128        1         1  0000000000    9999999999        6       0.20       0.20 
5.128        1         1  0000000000    9999999999        6       0.20       0.21 
5.102        1         1  0000000000    9999999999        6       0.20       0.20 
5.102        1         1  0000000000    9999999999        6       0.20       0.20 
5.102        1         1  0000000000    9999999999        6       0.20       0.21 
5.102        1         1  0000000000    9999999999        6       0.20       0.28 
5.051        1         1  0000000000    9999999999        6       0.20       0.20 
5.051        1         1  0000000000    9999999999        6       0.20       0.21 
5.051        1         1  0000000000    9999999999        6       0.20       0.28 
5.000        1         1  0000000000    9999999999        6       0.20       0.21 
4.902        1         1  0000000000    9999999999        6       0.20       0.21 
4.902        1         1  0000000000    9999999999        6       0.20       0.22 
4.902        1         1  0000000000    9999999999        6       0.20       0.28 
4.808        1         1  0000000000    9999999999        6       0.21       0.22 
4.808        1         1  0000000000    9999999999        6       0.21       0.28 
4.785        1         1  0000000000    9999999999        6       0.21       0.22 
4.785        1         1  0000000000    9999999999        6       0.21       0.26 
4.785        1         1  0000000000    9999999999        6       0.21       0.28 
4.762        1         1  0000000000    9999999999        6       0.21       0.22 
4.762        1         1  0000000000    9999999999        6       0.21       0.22 
4.762        1         1  0000000000    9999999999        6       0.21       0.22 
4.762        1         1  0000000000    9999999999        6       0.21       0.28 
4.630        1         1  0000000000    9999999999        6       0.22       0.22 
4.630        1         1  0000000000    9999999999        6       0.22       0.22 
4.630        1         1  0000000000    9999999999        6       0.22       0.28 
4.545        1         1  0000000000    9999999999        6       0.22       0.22 
4.545        1         1  0000000000    9999999999        6       0.22       0.23 
4.545        1         1  0000000000    9999999999        6       0.22       0.28 
4.525        1         1  0000000000    9999999999        6       0.22       0.22 
4.525        1         1  0000000000    9999999999        6       0.22       0.23 
4.464        1         1  0000000000    9999999999        6       0.22       0.23 
4.464        1         1  0000000000    9999999999        6       0.22       0.28 
4.386        1         1  0000000000    9999999999        6       0.23       0.23 
4.386        1         1  0000000000    9999999999        6       0.23       0.24 
4.386        1         1  0000000000    9999999999        6       0.23       0.28 
4.274        1         1  0000000000    9999999999        6       0.23       0.24 
4.274        1         1  0000000000    9999999999        6       0.23       0.25 
4.202        1         1  0000000000    9999999999        6       0.24       0.24 
4.202        1         1  0000000000    9999999999        6       0.24       0.25 
4.202        1         1  0000000000    9999999999        6       0.24       0.28 
4.167        1         1  0000000000    9999999999        6       0.24       0.25 
4.167        1         1  0000000000    9999999999        6       0.24       0.28 
4.049        1         1  0000000000    9999999999        6       0.25       0.25 
4.049        1         1  0000000000    9999999999        6       0.25       0.26 
4.049        1         1  0000000000    9999999999        6       0.25       0.28 
3.968        1         1  0000000000    9999999999        6       0.25       0.26 
3.968        1         1  0000000000    9999999999        6       0.25       0.28 
3.846        1         1  0000000000    9999999999        6       0.26       0.28 
3.759        1         1  0000000000    9999999999        6       0.27       0.28   
64.00        1         1  0000000000    9999999999        4      0.016      0.000 
32.00        1         1  0000000000    9999999999        4      0.031      0.000 
16.00        1         1  0000000000    9999999999        4      0.063      0.000 
8.000        1         1  0000000000    9999999999        4       0.13       0.00 
4.000        1         1  0000000000    9999999999        4       0.25       0.00 
2.000        1         1  0000000000    9999999999        4       0.50       0.00 
1.000        1         1  0000000000    9999999999        4       1.00       0.00 
0.500        1         1  0000000000    9999999999        4       2.00       0.00 
0.250        1         1  0000000000    9999999999        4       4.00       0.00 
0.125        1         1  0000000000    9999999999        4       8.00       0.00 
0.063        1         1  0000000000    9999999999        4      16.00       0.00 
0.031        1         1  0000000000    9999999999        4      32.00       0.00 
0.016        1         1  0000000000    9999999999        4      64.00       0.00 
50.00        1         1  0000000000    9999999999        7       0.02       0.03 
50.00        1         1  0000000000    9999999999        7       0.02       0.04 
50.00        1         1  0000000000    9999999999        7       0.02       0.05 
50.00        1         1  0000000000    9999999999        7       0.02       0.06 
50.00        1         1  0000000000    9999999999        7       0.02       0.07 
50.00        1         1  0000000000    9999999999        7       0.02       0.08 
50.00        1         1  0000000000    9999999999        7       0.02       0.09 
50.00        1         1  0000000000    9999999999        7       0.02       0.10 
50.00        1         1  0000000000    9999999999        7       0.02       0.11 
50.00        1         1  0000000000    9999999999        7       0.02       0.12 
50.00        1         1  0000000000    9999999999        7       0.02       0.13 
50.00        1         1  0000000000    9999999999        7       0.02       0.17 
50.00        1         1  0000000000    9999999999        7       0.02       0.19 
50.00        1         1  0000000000    9999999999        7       0.02       0.20 
50.00        1         1  0000000000    9999999999        7       0.02       0.21 
50.00        1         1  0000000000    9999999999        7       0.02       0.23 
50.00        1         1  0000000000    9999999999        7       0.02       0.24 
50.00        1         1  0000000000    9999999999        7       0.02       0.25 
50.00        1         1  0000000000    9999999999        7       0.02       0.28 
50.00        1         1  0000000000    9999999999        7       0.02       0.29 
50.00        1         1  0000000000    9999999999        7       0.02       0.32 
50.00        1         1  0000000000    9999999999        7       0.02       0.34 
50.00        1         1  0000000000    9999999999        7       0.02       0.36 
50.00        1         1  0000000000    9999999999        7       0.02       0.38 
50.00        1         1  0000000000    9999999999        7       0.02       0.41 
33.33        1         1  0000000000    9999999999        7       0.03       0.03 
33.33        1         1  0000000000    9999999999        7       0.03       0.04 
33.33        1         1  0000000000    9999999999        7       0.03       0.05 
33.33        1         1  0000000000    9999999999        7       0.03       0.06 
33.33        1         1  0000000000    9999999999        7       0.03       0.07 
33.33        1         1  0000000000    9999999999        7       0.03       0.08 
33.33        1         1  0000000000    9999999999        7       0.03       0.09 
33.33        1         1  0000000000    9999999999        7       0.03       0.10 
33.33        1         1  0000000000    9999999999        7       0.03       0.12 
33.33        1         1  0000000000    9999999999        7       0.03       0.13 
33.33        1         1  0000000000    9999999999        7       0.03       0.14 
33.33        1         1  0000000000    9999999999        7       0.03       0.15 
33.33        1         1  0000000000    9999999999        7       0.03       0.17 
33.33        1         1  0000000000    9999999999        7       0.03       0.18 
33.33        1         1  0000000000    9999999999        7       0.03       0.19 
33.33        1         1  0000000000    9999999999        7       0.03       0.20 
33.33        1         1  0000000000    9999999999        7       0.03       0.23 
33.33        1         1  0000000000    9999999999        7       0.03       0.24 
33.33        1         1  0000000000    9999999999        7       0.03       0.26 
33.33        1         1  0000000000    9999999999        7       0.03       0.28 
33.33        1         1  0000000000    9999999999        7       0.03       0.30 
33.33        1         1  0000000000    9999999999        7       0.03       0.32 
33.33        1         1  0000000000    9999999999        7       0.03       0.34 
33.33        1         1  0000000000    9999999999        7       0.03       0.36 
33.33        1         1  0000000000    9999999999        7       0.03       0.38 
33.33        1         1  0000000000    9999999999        7       0.03       0.41 
25.00        1         1  0000000000    9999999999        7       0.04       0.03 
25.00        1         1  0000000000    9999999999        7       0.04       0.04 
25.00        1         1  0000000000    9999999999        7       0.04       0.06 
25.00        1         1  0000000000    9999999999        7       0.04       0.07 
25.00        1         1  0000000000    9999999999        7       0.04       0.09 
25.00        1         1  0000000000    9999999999        7       0.04       0.11 
25.00        1         1  0000000000    9999999999        7       0.04       0.16 
25.00        1         1  0000000000    9999999999        7       0.04       0.17 
25.00        1         1  0000000000    9999999999        7       0.04       0.18 
25.00        1         1  0000000000    9999999999        7       0.04       0.20 
25.00        1         1  0000000000    9999999999        7       0.04       0.21 
25.00        1         1  0000000000    9999999999        7       0.04       0.22 
25.00        1         1  0000000000    9999999999        7       0.04       0.24 
25.00        1         1  0000000000    9999999999        7       0.04       0.25 
25.00        1         1  0000000000    9999999999        7       0.04       0.26 
25.00        1         1  0000000000    9999999999        7       0.04       0.28 
25.00        1         1  0000000000    9999999999        7       0.04       0.38 
25.00        1         1  0000000000    9999999999        7       0.04       0.41 
20.00        1         1  0000000000    9999999999        7       0.05       0.03 
20.00        1         1  0000000000    9999999999        7       0.05       0.04 
20.00        1         1  0000000000    9999999999        7       0.05       0.05 
20.00        1         1  0000000000    9999999999        7       0.05       0.06 
20.00        1         1  0000000000    9999999999        7       0.05       0.07 
20.00        1         1  0000000000    9999999999        7       0.05       0.09 
20.00        1         1  0000000000    9999999999        7       0.05       0.11 
20.00        1         1  0000000000    9999999999        7       0.05       0.12 
20.00        1         1  0000000000    9999999999        7       0.05       0.13 
20.00        1         1  0000000000    9999999999        7       0.05       0.14 
20.00        1         1  0000000000    9999999999        7       0.05       0.15 
20.00        1         1  0000000000    9999999999        7       0.05       0.18 
20.00        1         1  0000000000    9999999999        7       0.05       0.20 
20.00        1         1  0000000000    9999999999        7       0.05       0.21 
20.00        1         1  0000000000    9999999999        7       0.05       0.22 
20.00        1         1  0000000000    9999999999        7       0.05       0.24 
20.00        1         1  0000000000    9999999999        7       0.05       0.26 
20.00        1         1  0000000000    9999999999        7       0.05       0.28 
20.00        1         1  0000000000    9999999999        7       0.05       0.29 
20.00        1         1  0000000000    9999999999        7       0.05       0.31 
20.00        1         1  0000000000    9999999999        7       0.05       0.32 
20.00        1         1  0000000000    9999999999        7       0.05       0.34 
20.00        1         1  0000000000    9999999999        7       0.05       0.36 
20.00        1         1  0000000000    9999999999        7       0.05       0.38 
20.00        1         1  0000000000    9999999999        7       0.05       0.41 
16.67        1         1  0000000000    9999999999        7       0.06       0.03 
16.67        1         1  0000000000    9999999999        7       0.06       0.05 
16.67        1         1  0000000000    9999999999        7       0.06       0.07 
16.67        1         1  0000000000    9999999999        7       0.06       0.08 
16.67        1         1  0000000000    9999999999        7       0.06       0.09 
16.67        1         1  0000000000    9999999999        7       0.06       0.10 
16.67        1         1  0000000000    9999999999        7       0.06       0.11 
16.67        1         1  0000000000    9999999999        7       0.06       0.13 
16.67        1         1  0000000000    9999999999        7       0.06       0.14 
16.67        1         1  0000000000    9999999999        7       0.06       0.15 
16.67        1         1  0000000000    9999999999        7       0.06       0.16 
16.67        1         1  0000000000    9999999999        7       0.06       0.17 
16.67        1         1  0000000000    9999999999        7       0.06       0.18 
16.67        1         1  0000000000    9999999999        7       0.06       0.19 
16.67        1         1  0000000000    9999999999        7       0.06       0.20 
16.67        1         1  0000000000    9999999999        7       0.06       0.21 
16.67        1         1  0000000000    9999999999        7       0.06       0.22 
16.67        1         1  0000000000    9999999999        7       0.06       0.25 
16.67        1         1  0000000000    9999999999        7       0.06       0.30 
16.67        1         1  0000000000    9999999999        7       0.06       0.31 
16.67        1         1  0000000000    9999999999        7       0.06       0.38 
16.67        1         1  0000000000    9999999999        7       0.06       0.41 
14.29        1         1  0000000000    9999999999        7       0.07       0.03 
14.29        1         1  0000000000    9999999999        7       0.07       0.04 
14.29        1         1  0000000000    9999999999        7       0.07       0.05 
14.29        1         1  0000000000    9999999999        7       0.07       0.06 
14.29        1         1  0000000000    9999999999        7       0.07       0.07 
14.29        1         1  0000000000    9999999999        7       0.07       0.08 
14.29        1         1  0000000000    9999999999        7       0.07       0.09 
14.29        1         1  0000000000    9999999999        7       0.07       0.10 
14.29        1         1  0000000000    9999999999        7       0.07       0.11 
14.29        1         1  0000000000    9999999999        7       0.07       0.12 
14.29        1         1  0000000000    9999999999        7       0.07       0.13 
14.29        1         1  0000000000    9999999999        7       0.07       0.14 
14.29        1         1  0000000000    9999999999        7       0.07       0.15 
14.29        1         1  0000000000    9999999999        7       0.07       0.16 
14.29        1         1  0000000000    9999999999        7       0.07       0.17 
14.29        1         1  0000000000    9999999999        7       0.07       0.18 
14.29        1         1  0000000000    9999999999        7       0.07       0.19 
14.29        1         1  0000000000    9999999999        7       0.07       0.20 
14.29        1         1  0000000000    9999999999        7       0.07       0.29 
14.29        1         1  0000000000    9999999999        7       0.07       0.30 
14.29        1         1  0000000000    9999999999        7       0.07       0.32 
14.29        1         1  0000000000    9999999999        7       0.07       0.38 
14.29        1         1  0000000000    9999999999        7       0.07       0.41 
12.50        1         1  0000000000    9999999999        7       0.08       0.03 
12.50        1         1  0000000000    9999999999        7       0.08       0.04 
12.50        1         1  0000000000    9999999999        7       0.08       0.05 
12.50        1         1  0000000000    9999999999        7       0.08       0.06 
12.50        1         1  0000000000    9999999999        7       0.08       0.08 
12.50        1         1  0000000000    9999999999        7       0.08       0.09 
12.50        1         1  0000000000    9999999999        7       0.08       0.11 
12.50        1         1  0000000000    9999999999        7       0.08       0.13 
12.50        1         1  0000000000    9999999999        7       0.08       0.14 
12.50        1         1  0000000000    9999999999        7       0.08       0.15 
12.50        1         1  0000000000    9999999999        7       0.08       0.16 
12.50        1         1  0000000000    9999999999        7       0.08       0.19 
12.50        1         1  0000000000    9999999999        7       0.08       0.28 
12.50        1         1  0000000000    9999999999        7       0.08       0.38 
12.50        1         1  0000000000    9999999999        7       0.08       0.41 
11.11        1         1  0000000000    9999999999        7       0.09       0.03 
11.11        1         1  0000000000    9999999999        7       0.09       0.06 
11.11        1         1  0000000000    9999999999        7       0.09       0.09 
11.11        1         1  0000000000    9999999999        7       0.09       0.10 
11.11        1         1  0000000000    9999999999        7       0.09       0.11 
11.11        1         1  0000000000    9999999999        7       0.09       0.12 
11.11        1         1  0000000000    9999999999        7       0.09       0.14 
11.11        1         1  0000000000    9999999999        7       0.09       0.15 
11.11        1         1  0000000000    9999999999        7       0.09       0.17 
11.11        1         1  0000000000    9999999999        7       0.09       0.20 
11.11        1         1  0000000000    9999999999        7       0.09       0.25 
11.11        1         1  0000000000    9999999999        7       0.09       0.36 
11.11        1         1  0000000000    9999999999        7       0.09       0.38 
11.11        1         1  0000000000    9999999999        7       0.09       0.41 
10.00        1         1  0000000000    9999999999        7       0.10       0.03 
10.00        1         1  0000000000    9999999999        7       0.10       0.06 
10.00        1         1  0000000000    9999999999        7       0.10       0.08 
10.00        1         1  0000000000    9999999999        7       0.10       0.09 
10.00        1         1  0000000000    9999999999        7       0.10       0.10 
10.00        1         1  0000000000    9999999999        7       0.10       0.11 
10.00        1         1  0000000000    9999999999        7       0.10       0.12 
10.00        1         1  0000000000    9999999999        7       0.10       0.14 
10.00        1         1  0000000000    9999999999        7       0.10       0.15 
10.00        1         1  0000000000    9999999999        7       0.10       0.36 
10.00        1         1  0000000000    9999999999        7       0.10       0.41 
9.091        1         1  0000000000    9999999999        7       0.11       0.03 
9.091        1         1  0000000000    9999999999        7       0.11       0.04 
9.091        1         1  0000000000    9999999999        7       0.11       0.05 
9.091        1         1  0000000000    9999999999        7       0.11       0.06 
9.091        1         1  0000000000    9999999999        7       0.11       0.07 
9.091        1         1  0000000000    9999999999        7       0.11       0.09 
9.091        1         1  0000000000    9999999999        7       0.11       0.10 
9.091        1         1  0000000000    9999999999        7       0.11       0.13 
9.091        1         1  0000000000    9999999999        7       0.11       0.14 
9.091        1         1  0000000000    9999999999        7       0.11       0.15 
9.091        1         1  0000000000    9999999999        7       0.11       0.16 
9.091        1         1  0000000000    9999999999        7       0.11       0.18 
9.091        1         1  0000000000    9999999999        7       0.11       0.21 
9.091        1         1  0000000000    9999999999        7       0.11       0.36 
9.091        1         1  0000000000    9999999999        7       0.11       0.38 
9.091        1         1  0000000000    9999999999        7       0.11       0.41 
8.333        1         1  0000000000    9999999999        7       0.12       0.03 
8.333        1         1  0000000000    9999999999        7       0.12       0.08 
8.333        1         1  0000000000    9999999999        7       0.12       0.09 
8.333        1         1  0000000000    9999999999        7       0.12       0.10 
8.333        1         1  0000000000    9999999999        7       0.12       0.11 
8.333        1         1  0000000000    9999999999        7       0.12       0.13 
8.333        1         1  0000000000    9999999999        7       0.12       0.41 
7.692        1         1  0000000000    9999999999        7       0.13       0.03 
7.692        1         1  0000000000    9999999999        7       0.13       0.07 
7.692        1         1  0000000000    9999999999        7       0.13       0.08 
7.692        1         1  0000000000    9999999999        7       0.13       0.10 
7.692        1         1  0000000000    9999999999        7       0.13       0.11 
7.692        1         1  0000000000    9999999999        7       0.13       0.13 
7.692        1         1  0000000000    9999999999        7       0.13       0.18 
7.692        1         1  0000000000    9999999999        7       0.13       0.41 
7.143        1         1  0000000000    9999999999        7       0.14       0.03 
7.143        1         1  0000000000    9999999999        7       0.14       0.05 
7.143        1         1  0000000000    9999999999        7       0.14       0.07 
7.143        1         1  0000000000    9999999999        7       0.14       0.10 
7.143        1         1  0000000000    9999999999        7       0.14       0.11 
7.143        1         1  0000000000    9999999999        7       0.14       0.29 
7.143        1         1  0000000000    9999999999        7       0.14       0.36 
7.143        1         1  0000000000    9999999999        7       0.14       0.41 
6.667        1         1  0000000000    9999999999        7       0.15       0.03 
6.667        1         1  0000000000    9999999999        7       0.15       0.05 
6.667        1         1  0000000000    9999999999        7       0.15       0.11 
6.667        1         1  0000000000    9999999999        7       0.15       0.19 
6.667        1         1  0000000000    9999999999        7       0.15       0.22 
6.667        1         1  0000000000    9999999999        7       0.15       0.32 
6.667        1         1  0000000000    9999999999        7       0.15       0.41 
6.250        1         1  0000000000    9999999999        7       0.16       0.03 
6.250        1         1  0000000000    9999999999        7       0.16       0.09 
6.250        1         1  0000000000    9999999999        7       0.16       0.11 
6.250        1         1  0000000000    9999999999        7       0.16       0.14 
6.250        1         1  0000000000    9999999999        7       0.16       0.23 
6.250        1         1  0000000000    9999999999        7       0.16       0.25 
6.250        1         1  0000000000    9999999999        7       0.16       0.38 
6.250        1         1  0000000000    9999999999        7       0.16       0.41 
5.882        1         1  0000000000    9999999999        7       0.17       0.03 
5.882        1         1  0000000000    9999999999        7       0.17       0.10 
5.882        1         1  0000000000    9999999999        7       0.17       0.32 
5.882        1         1  0000000000    9999999999        7       0.17       0.36 
5.882        1         1  0000000000    9999999999        7       0.17       0.41 
5.556        1         1  0000000000    9999999999        7       0.18       0.03 
5.556        1         1  0000000000    9999999999        7       0.18       0.12 
5.556        1         1  0000000000    9999999999        7       0.18       0.41 
5.263        1         1  0000000000    9999999999        7       0.19       0.03 
5.263        1         1  0000000000    9999999999        7       0.19       0.09 
5.263        1         1  0000000000    9999999999        7       0.19       0.11 
5.263        1         1  0000000000    9999999999        7       0.19       0.12 
5.263        1         1  0000000000    9999999999        7       0.19       0.14 
5.263        1         1  0000000000    9999999999        7       0.19       0.16 
5.263        1         1  0000000000    9999999999        7       0.19       0.34 
5.263        1         1  0000000000    9999999999        7       0.19       0.38 
5.263        1         1  0000000000    9999999999        7       0.19       0.41 
5.000        1         1  0000000000    9999999999        7       0.20       0.03 
5.000        1         1  0000000000    9999999999        7       0.20       0.06 
5.000        1         1  0000000000    9999999999        7       0.20       0.07 
5.000        1         1  0000000000    9999999999        7       0.20       0.08 
5.000        1         1  0000000000    9999999999        7       0.20       0.41 
4.762        1         1  0000000000    9999999999        7       0.21       0.03 
4.762        1         1  0000000000    9999999999        7       0.21       0.11 
4.762        1         1  0000000000    9999999999        7       0.21       0.13 
4.762        1         1  0000000000    9999999999        7       0.21       0.22 
4.762        1         1  0000000000    9999999999        7       0.21       0.32 
4.762        1         1  0000000000    9999999999        7       0.21       0.38 
4.762        1         1  0000000000    9999999999        7       0.21       0.41 
4.545        1         1  0000000000    9999999999        7       0.22       0.03 
4.545        1         1  0000000000    9999999999        7       0.22       0.09 
4.545        1         1  0000000000    9999999999        7       0.22       0.12 
4.545        1         1  0000000000    9999999999        7       0.22       0.16 
4.545        1         1  0000000000    9999999999        7       0.22       0.41 
4.348        1         1  0000000000    9999999999        7       0.23       0.03 
4.348        1         1  0000000000    9999999999        7       0.23       0.41 
4.167        1         1  0000000000    9999999999        7       0.24       0.03 
4.167        1         1  0000000000    9999999999        7       0.24       0.06 
4.167        1         1  0000000000    9999999999        7       0.24       0.36 
4.167        1         1  0000000000    9999999999        7       0.24       0.38 
4.167        1         1  0000000000    9999999999        7       0.24       0.41 
4.000        1         1  0000000000    9999999999        7       0.25       0.03 
4.000        1         1  0000000000    9999999999        7       0.25       0.18 
4.000        1         1  0000000000    9999999999        7       0.25       0.41 
3.846        1         1  0000000000    9999999999        7       0.26       0.03 
3.846        1         1  0000000000    9999999999        7       0.26       0.41 
3.704        1         1  0000000000    9999999999        7       0.27       0.03 
3.704        1         1  0000000000    9999999999        7       0.27       0.04 
3.704        1         1  0000000000    9999999999        7       0.27       0.41 
3.448        1         1  0000000000    9999999999        7       0.29       0.03 
3.448        1         1  0000000000    9999999999        7       0.29       0.11 
3.448        1         1  0000000000    9999999999        7       0.29       0.14 
3.448        1         1  0000000000    9999999999        7       0.29       0.22 
3.448        1         1  0000000000    9999999999        7       0.29       0.29 
3.448        1         1  0000000000    9999999999        7       0.29       0.32 
3.448        1         1  0000000000    9999999999        7       0.29       0.41 
3.333        1         1  0000000000    9999999999        7       0.30       0.03 
3.333        1         1  0000000000    9999999999        7       0.30       0.04 
3.333        1         1  0000000000    9999999999        7       0.30       0.11 
3.333        1         1  0000000000    9999999999        7       0.30       0.15 
3.333        1         1  0000000000    9999999999        7       0.30       0.41 
3.226        1         1  0000000000    9999999999        7       0.31       0.03 
3.226        1         1  0000000000    9999999999        7       0.31       0.04 
3.226        1         1  0000000000    9999999999        7       0.31       0.14 
3.226        1         1  0000000000    9999999999        7       0.31       0.31 
3.125        1         1  0000000000    9999999999        7       0.32       0.03 
3.125        1         1  0000000000    9999999999        7       0.32       0.04 
3.125        1         1  0000000000    9999999999        7       0.32       0.12 
3.125        1         1  0000000000    9999999999        7       0.32       0.34 
3.125        1         1  0000000000    9999999999        7       0.32       0.41 
3.030        1         1  0000000000    9999999999        7       0.33       0.03 
3.030        1         1  0000000000    9999999999        7       0.33       0.04 
3.030        1         1  0000000000    9999999999        7       0.33       0.29 
2.941        1         1  0000000000    9999999999        7       0.34       0.03 
2.941        1         1  0000000000    9999999999        7       0.34       0.04 
2.941        1         1  0000000000    9999999999        7       0.34       0.05 
2.941        1         1  0000000000    9999999999        7       0.34       0.41 
2.857        1         1  0000000000    9999999999        7       0.35       0.03 
2.857        1         1  0000000000    9999999999        7       0.35       0.04 
2.857        1         1  0000000000    9999999999        7       0.35       0.05 
2.857        1         1  0000000000    9999999999        7       0.35       0.29 
2.778        1         1  0000000000    9999999999        7       0.36       0.03 
2.778        1         1  0000000000    9999999999        7       0.36       0.04 
2.778        1         1  0000000000    9999999999        7       0.36       0.05 
2.778        1         1  0000000000    9999999999        7       0.36       0.36 
2.778        1         1  0000000000    9999999999        7       0.36       0.38 
2.778        1         1  0000000000    9999999999        7       0.36       0.41 
2.632        1         1  0000000000    9999999999        7       0.38       0.03 
2.632        1         1  0000000000    9999999999        7       0.38       0.04 
2.632        1         1  0000000000    9999999999        7       0.38       0.05 
2.632        1         1  0000000000    9999999999        7       0.38       0.06 
2.632        1         1  0000000000    9999999999        7       0.38       0.28 
2.632        1         1  0000000000    9999999999        7       0.38       0.34 
2.632        1         1  0000000000    9999999999        7       0.38       0.41 
2.564        1         1  0000000000    9999999999        7       0.39       0.03 
2.564        1         1  0000000000    9999999999        7       0.39       0.04 
2.564        1         1  0000000000    9999999999        7       0.39       0.05 
2.564        1         1  0000000000    9999999999        7       0.39       0.06 
2.564        1         1  0000000000    9999999999        7       0.39       0.08 
2.564        1         1  0000000000    9999999999        7       0.39       0.12 
2.564        1         1  0000000000    9999999999        7       0.39       0.15 
2.564        1         1  0000000000    9999999999        7       0.39       0.26 
2.381        1         1  0000000000    9999999999        7       0.42       0.03 
2.381        1         1  0000000000    9999999999        7       0.42       0.04 
2.381        1         1  0000000000    9999999999        7       0.42       0.05 
2.381        1         1  0000000000    9999999999        7       0.42       0.06 
2.381        1         1  0000000000    9999999999        7       0.42       0.07 
2.381        1         1  0000000000    9999999999        7       0.42       0.08 
2.381        1         1  0000000000    9999999999        7       0.42       0.09 
2.381        1         1  0000000000    9999999999        7       0.42       0.10 
2.381        1         1  0000000000    9999999999        7       0.42       0.11 
2.381        1         1  0000000000    9999999999        7       0.42       0.12 
2.381        1         1  0000000000    9999999999        7       0.42       0.13 
2.381        1         1  0000000000    9999999999        7       0.42       0.14 
2.381        1         1  0000000000    9999999999        7       0.42       0.15 
2.381        1         1  0000000000    9999999999        7       0.42       0.16 
2.381        1         1  0000000000    9999999999        7       0.42       0.17 
2.381        1         1  0000000000    9999999999        7       0.42       0.18 
2.381        1         1  0000000000    9999999999        7       0.42       0.19 
2.381        1         1  0000000000    9999999999        7       0.42       0.20 
2.381        1         1  0000000000    9999999999        7       0.42       0.21 
2.381        1         1  0000000000    9999999999        7       0.42       0.22 
2.381        1         1  0000000000    9999999999        7       0.42       0.23 
2.381        1         1  0000000000    9999999999        7       0.42       0.24 
2.381        1         1  0000000000    9999999999        7       0.42       0.25 
2.381        1         1  0000000000    9999999999        7       0.42       0.26 
2.381        1         1  0000000000    9999999999        7       0.42       0.28 
2.381        1         1  0000000000    9999999999        7       0.42       0.29 
2.381        1         1  0000000000    9999999999        7       0.42       0.30 
2.381        1         1  0000000000    9999999999        7       0.42       0.31 
2.381        1         1  0000000000    9999999999        7       0.42       0.32 
2.381        1         1  0000000000    9999999999        7       0.42       0.34 
2.381        1         1  0000000000    9999999999        7       0.42       0.35 
2.381        1         1  0000000000    9999999999        7       0.42       0.36 
2.381        1         1  0000000000    9999999999        7       0.42       0.38 
2.381        1         1  0000000000    9999999999        7       0.42       0.41 
99999